4 5132.8
9 5133.7
17 5132.7
23 5132.7
25 5132.7
34 5133
37 5133
53 5133
56 5133.5
68 5132.8
76 5131.8
79 5132
91 5132.5
100 5132.3
107 5132.7
110 5132.7
115 5132.5
122 5132.3
129 5132.2
135 5131.7
138 5131.7
144 5131.5
149 5132
154 5131.7
157 5132
161 5131.8
172 5135.5
174 5135.5
180 5136.3
186 5136.3
189 5137
192 5137.5
194 5137.5
197 5137.5
200 5137.3
203 5138.2
213 5138.7
215 5138.2
217 5139
220 5139
227 5140.5
230 5140
235 5139.5
242 5140
246 5140.5
252 5139.7
255 5140.6
259 5141.5
263 5141.3
267 5142.5
275 5141.5
278 5140.7
280 5140.8
282 5140.8
284 5141
289 5139
291 5138.5
296 5139
299 5139.2
310 5139.2
317 5139.7
324 5140.5
330 5140.8
338 5140.2
350 5142
354 5141.8
361 5141.3
364 5141.7
371 5141.7
377 5141.3
383 5142.5
385 5142.7
394 5143.7
399 5143
405 5143
409 5142.5
412 5143.2
418 5143
420 5142.8
425 5142.5
427 5142.5
429 5142.7
432 5143
438 5145
444 5145
452 5144.8
460 5143
464 5142.8
469 5143.2
471 5143.7
479 5142
481 5141.8
486 5142.7
488 5142.7
508 5143.3
516 5141.7
520 5140.7
522 5140.7
525 5140.5
528 5140.5
531 5140.5
535 5142.5
541 5143
543 5142.7
546 5142.8
553 5142.5
568 5142
577 5142.2
579 5142.3
584 5142.3
587 5142.8
589 5143
601 5142.2
607 5141.7
610 5142.3
615 5142
617 5142
620 5142
631 5143
634 5142.7
637 5142.7
643 5142.3
645 5142.2
647 5142.5
650 5143.3
654 5144.2
656 5144.2
660 5143.5
663 5142.3
667 5143.5
669 5143.2
679 5142.7
684 5142.8
694 5144.2
698 5144.5
708 5144.2
718 5146.3
724 5146
726 5146
730 5146
735 5146
741 5146.5
743 5146.5
749 5146.8
753 5147.7
756 5147.3
759 5148
766 5146
772 5146
779 5146
785 5145.5
788 5145.2
790 5145.5
796 5145.5
799 5145.5
804 5144.7
806 5145.3
811 5144.5
819 5144.2
824 5144.2
830 5144.5
837 5144.2
843 5145
849 5146
851 5145.7
854 5145.7
857 5145.5
859 5145.2
861 5145
863 5145
865 5144.7
868 5144.5
871 5144.8
875 5145
879 5145.7
887 5146
893 5145.8
896 5145.7
899 5146.3
906 5145.2
912 5143
915 5143.2
918 5143.2
930 5144
935 5144
938 5143.8
948 5143
954 5143.3
960 5143.3
970 5143.7
972 5143.2
976 5144.2
990 5146.3
994 5146.8
1001 5147
1008 5147
1010 5146.8
1015 5147.3
1031 5149.2
1036 5148.5
1040 5148.7
1047 5149.5
1053 5149
1058 5148.5
1067 5148.7
1071 5149.2
1074 5148.7
1081 5148.5
1084 5149
1088 5149
1092 5149.7
1094 5149.3
1098 5149.5
1100 5149.7
1103 5150
1107 5150.3
1110 5150.2
1118 5150.2
1122 5150
1126 5150.3
1132 5149.7
1142 5152
1150 5151.5
1155 5151.5
1159 5151.2
1162 5151.8
1166 5152
1168 5152
1174 5151.7
1180 5152.5
1183 5152.2
1188 5151.5
1192 5151
1199 5153.5
1204 5153.5
1209 5154.2
1212 5154.3
1216 5155
1219 5155
1221 5154.7
1236 5152.5
1239 5152.3
1242 5152
1247 5151.5
1253 5150.3
1255 5150.5
1259 5150.7
1262 5151.5
1266 5152
1271 5152.8
1279 5151.5
1282 5151.2
1289 5152.2
1291 5152.2
1294 5152.7
1296 5152.5
1303 5151.7
1308 5152
1310 5152
1315 5151
1317 5151
1325 5151.2
1329 5151.7
1336 5150.5
1338 5149.8
1340 5150
1343 5150.5
1348 5150.3
1353 5150
1356 5150.2
1358 5149.7
1362 5150.5
1368 5150.2
1370 5150.3
1378 5152.3
1382 5152
1384 5151.7
1389 5151.5
1399 5150
1403 5150
1408 5147.8
1411 5148
1414 5147.8
1418 5147.5
1425 5146.7
1427 5146
1432 5147
1434 5147.2
1438 5148.7
1443 5148.3
1446 5148.5
1452 5149
1458 5149.2
1463 5149.5
1468 5148.3
1472 5147
1475 5146.8
1478 5146.8
1481 5146.7
1486 5146.3
1500 5145.8
1505 5145.7
1508 5146
1517 5145.8
1522 5145.7
1525 5145.5
1530 5144.8
1540 5147.5
1548 5149.2
1550 5148.2
1557 5150.2
1561 5150.5
1570 5150
1578 5148.5
1580 5147.8
1586 5148
1588 5147.7
1591 5148.5
1596 5149.2
1598 5148.7
1601 5148.5
1606 5149.7
1613 5150.5
1620 5150.5
1622 5150.3
1632 5150.5
1634 5150.7
1642 5152
1647 5152.2
1655 5153
1657 5152.7
1659 5152.5
1665 5151.5
1668 5151.2
1670 5151.2
1672 5151.3
1677 5150.8
1679 5151.2
1684 5149.8
1687 5150
1691 5150.7
1703 5152
1712 5152
1718 5152.2
1722 5151.8
1725 5151.8
1735 5149.2
1743 5148.5
1747 5149.7
1754 5150.7
1757 5150.3
1765 5152.2
1772 5153
1774 5153.5
1778 5153.5
1785 5156.5
1788 5156.5
1792 5157
1798 5154.2
1801 5153.7
1807 5152.8
1810 5153.7
1823 5157
1836 5153
1839 5153.3
1850 5155.7
1855 5156.8
1857 5157.7
1862 5158.2
1870 5159.5
1897 5162.2
1899 5162
1901 5161.5
1904 5160.8
1909 5161.3
1911 5161.2
1915 5160.7
1917 5160.7
1922 5159.7
1928 5159.2
1934 5161.3
1938 5162.7
1943 5164.5
1946 5164.5
1956 5163
1960 5161
1962 5160.8
1964 5161
1968 5161.5
1973 5161
1976 5161.5
1985 5161.2
1991 5161
1994 5161.5
1996 5161.3
1999 5161.7
2001 5161.2
2003 5161.2
2005 5161.5
2007 5162.2
2009 5163.5
2012 5164
2015 5163.8
2020 5163.5
2022 5164.5
2024 5164.5
2027 5164.7
2032 5166.3
2035 5166.2
2038 5166.5
2041 5166.5
2044 5167.7
2050 5165.2
2053 5164.7
2059 5166
2063 5164.5
2072 5164.5
2076 5163.3
2078 5163.7
2081 5163.8
2084 5163.5
2088 5164
2092 5162.7
2094 5162.5
2100 5163.3
2105 5162.8
2110 5161.8
2113 5163.5
2119 5163.8
2125 5164
2128 5165.2
2132 5164.5
2134 5164
2136 5164.5
2141 5164.2
2143 5164.2
2146 5164
2150 5164.5
2156 5164.5
2160 5165.8
2167 5165.2
2172 5166.8
2175 5166.2
2179 5164.5
2182 5165.8
2189 5166.5
2191 5166.5
2196 5166.7
2198 5166.5
2209 5167
2217 5168.3
2222 5167.5
2227 5167
2229 5166.7
2232 5166.5
2237 5166.5
2240 5166.8
2244 5166.2
2246 5166.2
2252 5167.5
2259 5167.8
2265 5167.5
2267 5167.5
2278 5166.5
2280 5166.5
2282 5167
2285 5166.7
2290 5168.3
2294 5169.8
2298 5169.5
2301 5169
2305 5168.2
2308 5167
2314 5167
2318 5166.2
2323 5166.5
2327 5165
2334 5164.3
2338 5165
2340 5164.5
2345 5165
2350 5163.2
2352 5162.7
2355 5162.5
2362 5162
2368 5161.8
2378 5164.5
2382 5166
2384 5166
2388 5166.5
2393 5167.7
2396 5167.7
2403 5169.8
2408 5169.2
2412 5169
2416 5168.8
2418 5168.7
2425 5168.8
2431 5169.5
2436 5171
2438 5170.8
2445 5171.5
2447 5171.2
2451 5169.8
2455 5169
2457 5169
2462 5169.5
2470 5170.5
2472 5170
2475 5166.3
2481 5166.5
2486 5167
2489 5165.7
2504 5172
2510 5174
2514 5174
2519 5174.2
2524 5174.5
2526 5173.5
2528 5173.7
2531 5173
2536 5173.8
2540 5174.2
2545 5174.5
2551 5177.8
2557 5176
2563 5173.5
2571 5174.5
2575 5172.2
2584 5171.5
2587 5171.3
2593 5171.5
2597 5170.8
2601 5170.8
2607 5170.8
2609 5171
2620 5174.8
2624 5176
2628 5177
2633 5176.5
2636 5176.8
2639 5177.2
2643 5177
2647 5176.5
2649 5176.3
2661 5174.8
2666 5175.3
2672 5177.5
2674 5178.7
2677 5178.7
2680 5178.7
2684 5179.6
2688 5182.5
2691 5181
2693 5180.2
2696 5180.8
2700 5180
2710 5183
2716 5182
2720 5183.5
2723 5183.8
2729 5184.3
2731 5183.7
2735 5184.5
2738 5185
2740 5185
2745 5184.2
2751 5183.3
2761 5185.5
2764 5185.8
2768 5186.8
2778 5186
2781 5185.3
2786 5185
2792 5186
2795 5185.7
2798 5185.8
2804 5186.5
2809 5187.7
2812 5187.7
2814 5187.8
2819 5188.2
2832 5189.3
2835 5189.7
2838 5189.7
2841 5189.5
2852 5193.2
2854 5192.5
2858 5191.5
2863 5190.7
2867 5191.2
2875 5190.8
2877 5190.8
2884 5189.8
2898 5188.8
2902 5188.5
2905 5187.5
2910 5186
2912 5185.8
2915 5186.5
2924 5182.3
2928 5184.3
2931 5187
2935 5188.8
2939 5185.7
2942 5184.2
2945 5184.3
2947 5184.5
2949 5184.5
2955 5182.8
2963 5184
2965 5183.5
2975 5184.2
2981 5183.8
2985 5184.7
2990 5185
2998 5183.7
3000 5183.7
3005 5184.2
3013 5182.7
3016 5182
3018 5181.7
3023 5182.8
3029 5181.8
3031 5182.2
3044 5182
3046 5182
3053 5182.3
3063 5182.5
3069 5182.2
3084 5181.3
3089 5180.2
3102 5180.5
3104 5179.3
3108 5178.3
3113 5178.7
3124 5177.8
3130 5177.5
3134 5176.3
3139 5177.2
3142 5177.5
3145 5177.5
3152 5177.5
3156 5177.5
3159 5177.3
3164 5177
3167 5176.3
3173 5177.3
3176 5177.3
3180 5177.5
3183 5177
3189 5175
3192 5175.7
3194 5175.8
3200 5176
3212 5176.2
3217 5176.3
3224 5175.8
3236 5178.5
3243 5177.7
3245 5177.7
3247 5177.8
3253 5177.8
3263 5179.5
3267 5180
3277 5180.7
3284 5181
3290 5182
3294 5183
3296 5183
3300 5183
3305 5183.2
3307 5183.3
3310 5183.5
3319 5183.5
3330 5184
3335 5184.2
3338 5184
3346 5184.5
3354 5184.8
3370 5185
3386 5184.5
3399 5184
3403 5183.3
3409 5182.7
3411 5182.5
3416 5182.5
3419 5182.3
3422 5183
3429 5182.3
3436 5182.7
3458 5182
3462 5180.7
3467 5181
3472 5180.8
3478 5180.8
3480 5180.5
3483 5180.7
3486 5181
3495 5181.5
3501 5182.2
3505 5181.7
3513 5182
3516 5181.8
3519 5181.5
3523 5181.2
3732 5180
3739 5179.5
3753 5179.7
3759 5179.7
3776 5179.5
3784 5179.2
3791 5179.5
3805 5179.5
3817 5179.5
3819 5179.3
3843 5178.8
3848 5179
3862 5178.8
