4 4969.33
6 4971.02
12 5021.28
17 4983.4
24 5020.07
27 5022.02
29 5017.07
32 5042.3
39 5003.02
42 5008.56
48 5003.78
50 5005.13
54 5007.92
64 5027.39
72 5001.63
76 5007.4
85 4955.58
87 4957.87
91 4954.48
96 4985.38
99 4986.02
103 4999.67
105 4999.11
109 5003.85
112 5007.34
115 5002.56
118 5005.9
122 4982.42
125 4988.33
128 4971.59
131 4969.89
136 4994.63
138 4994.9
140 4990.98
147 4971.2
151 4975.07
153 4980.95
164 5016.79
167 5014.5
170 5013.63
175 5012.77
183 5016.57
187 5012.18
189 5013.26
192 5011.98
194 5016.03
198 5027.12
205 5034.24
210 5059.47
212 5066.62
220 5036.17
224 5049.59
235 5271.87
243 5329.42
245 5319.96
249 5302.47
254 5312.77
256 5327.62
259 5320.06
262 5315.67
266 5367.85
268 5380.85
271 5379.73
280 5367.48
284 5367.42
286 5366.33
293 5389.45
295 5406.2
298 5407.28
300 5391.03
303 5384.58
305 5387.82
307 5387.1
311 5344.74
316 5360.29
320 5353.17
322 5346.01
325 5338.3
333 5358.75
335 5359.99
339 5376.25
342 5392.65
349 5414.11
351 5419.41
353 5424.87
355 5418.32
360 5436.64
362 5438.38
367 5434.1
369 5431.67
371 5435.89
378 5467.32
380 5469.23
385 5454.62
390 5335.01
392 5333.55
394 5317.39
396 5330.2
404 5332.64
406 5340.41
408 5330.68
411 5324.07
415 5310.89
420 5305.27
423 5302.28
427 5294.18
431 5294.09
434 5298.75
436 5293.68
443 5319.28
449 5316.8
452 5323.39
454 5322.73
456 5324.13
458 5323.94
460 5316.87
462 5314.7
464 5307.33
472 5297.3
487 5301.56
496 5269.73
500 5261.66
502 5261.45
508 5242.13
510 5246.78
512 5245.21
514 5238.45
516 5242.58
518 5242.21
521 5238.92
530 5222.39
536 5189.3
538 5185.16
544 5196.75
547 5195.05
555 5156.76
560 5137.5
562 5120.38
564 5136.34
570 5174.77
574 5197.84
578 5188.67
580 5178
587 5204.99
591 5196.72
594 5214.07
596 5211.03
598 5226.66
600 5214.48
604 5193.02
614 5171.51
625 5206.53
629 5209.64
634 5213.03
641 5253.47
644 5243.61
646 5245.39
652 5262.39
654 5260.69
659 5288.29
661 5274.78
663 5257.22
666 5241.34
668 5232.11
671 5228.91
674 5245.68
678 5283.02
682 5295.29
685 5298.5
688 5299.32
694 5291.49
700 5297.33
706 5285.92
709 5265.47
713 5283.29
718 5305.53
726 5268.59
730 5266.77
737 5292.73
741 5273.05
747 5261.56
749 5257.13
763 5214.95
770 5262.32
773 5268.19
781 5246.21
785 5249.76
792 5293.53
798 5291.89
800 5291.77
806 5258.76
811 5289.23
814 5272.47
819 5280.29
829 5231.6
831 5226.38
835 5238.98
840 5256.48
843 5255.06
846 5257.8
849 5274.29
851 5277.98
855 5261.74
858 5261.39
861 5255.2
864 5256.61
866 5245.51
868 5240.67
873 5247.34
878 5234.17
883 5240.17
887 5233.94
890 5248.36
892 5248.27
894 5251.54
896 5249.72
901 5266.72
904 5267.32
907 5269.29
910 5276.68
915 5276.04
918 5281.96
920 5285.57
922 5281.93
924 5280
928 5293.41
930 5288.55
932 5294.73
934 5299.67
939 5300.09
941 5302.18
945 5292.17
950 5291.36
955 5316.44
960 5330.24
966 5330.91
971 5339.85
974 5339.74
977 5336.43
979 5339.33
985 5338.19
988 5343.43
991 5334.27
998 5327.58
1004 5327.04
1008 5320.58
1012 5308.5
1014 5311.63
1016 5312.26
1022 5351.3
1026 5365.98
1036 5371.79
1039 5365.3
1046 5361.24
1050 5353.51
1054 5355.02
1057 5352.84
1062 5336.31
1064 5343.03
1066 5343.43
1068 5340.22
1072 5346.59
1075 5347.71
1078 5353.32
1082 5355.6
1087 5356.88
1090 5360.04
1096 5351.15
1100 5340.08
1105 5356.46
1109 5360.62
1111 5364.67
1115 5368.36
1118 5358.08
1121 5366.92
1125 5370.28
1128 5369.1
1131 5360.88
1135 5367.4
1138 5353.94
1141 5362.86
1143 5362.93
1146 5362.22
1149 5362.34
1153 5362.6
1158 5363.81
1162 5444.52
1164 5445.8
1173 5413.12
1176 5420.44
1181 5429.48
1185 5433.4
1189 5424.15
1196 5447.44
1204 5433.13
1207 5418.45
1211 5429.16
1215 5429.32
1219 5438.45
1224 5439.78
1227 5442.31
1230 5440.14
1233 5446.09
1236 5439.2
1238 5447.02
1241 5452.26
1243 5454.29
1245 5449.87
1249 5443.22
1252 5439.96
1255 5429.38
1258 5431.03
1260 5431.1
1264 5424.35
1268 5423.84
1271 5423.59
1281 5413.09
1283 5411.13
1290 5390.03
1293 5387.79
1306 5382.54
1310 5382.05
1313 5382.66
1316 5376.6
1325 5377.68
1328 5385.51
1330 5388.32
1333 5383.78
1345 5393.69
1350 5386.99
1354 5393.25
1356 5392.65
1363 5385.89
1369 5386.58
1373 5380.76
1375 5381.06
1378 5381.96
1382 5385.33
1393 5398.44
1395 5396.69
1399 5385.09
1402 5392.69
1404 5393.76
1406 5392.92
1408 5390.51
1411 5396.83
1414 5390.55
1418 5394.53
1422 5406.67
1424 5403.81
1427 5408.09
1432 5413.19
1435 5413.93
1437 5414.76
1442 5411.38
1446 5414.15
1451 5421.18
1453 5419.88
1456 5422.26
1461 5421.61
1464 5423.04
1466 5425.27
1470 5426.74
1473 5428.09
1479 5425.35
1481 5426.27
1485 5424.12
1487 5425.4
1489 5428.76
1498 5436.73
1502 5442.63
1506 5434.83
1510 5433.26
1513 5434.64
1517 5431.9
1523 5429.57
1525 5430.32
1532 5435.31
1535 5429.71
1538 5414.05
1540 5418.18
1551 5415.91
1553 5415.93
1561 5433.38
1563 5431.19
1568 5442.46
1570 5442.8
1572 5440.09
1575 5433.91
1580 5437.13
1584 5441.54
1589 5445.15
1592 5438.93
1599 5416.45
1605 5412.69
1607 5417.33
1611 5421.19
1613 5419.5
1622 5425.99
1626 5417.21
1628 5423.28
1634 5427.66
1638 5429.83
1642 5426.95
1646 5424.15
1648 5429.1
1652 5434.29
1656 5435.58
1660 5426.85
1667 5428.33
1671 5420.32
1675 5420.95
1677 5419.85
1679 5421.75
1681 5421.08
1685 5416.23
1689 5426.24
1697 5432.14
1699 5431.07
1702 5425.85
1707 5426.88
1712 5425.13
1716 5424.08
1719 5430.35
1721 5432.61
1726 5429.04
1728 5427.3
1731 5425.72
1736 5418.42
1743 5424.54
1752 5403.5
1755 5403.37
1757 5408.36
1762 5414.68
1767 5408.29
1770 5409
1774 5404.24
1776 5402.71
1780 5393.45
1782 5396.81
1784 5395.76
1786 5402
1796 5405.86
1799 5406.77
1802 5405.54
1805 5406.06
1814 5401.3
1816 5399.34
1820 5394.52
1823 5396.95
1825 5396.7
1832 5389.75
1834 5388.47
1838 5391.57
1841 5395.78
1850 5398.79
1852 5396.3
1855 5396.47
1857 5399.84
1861 5405.7
1867 5398.41
1874 5404.85
1876 5400.91
1880 5402.55
1882 5402.05
1884 5401.35
1886 5400.57
1891 5408.13
1893 5409.35
1895 5406.45
1898 5404.47
1906 5400.04
1908 5401.8
1911 5400.81
1920 5401.1
1923 5397.8
1929 5345.12
1931 5346.72
1934 5352.01
1939 5344.75
1945 5335.41
1954 5321.96
1957 5316.71
1964 5330.07
1967 5327.75
1973 5318.63
1979 5328.78
1982 5333.14
1986 5335.01
1992 5333.3
2000 5344.73
2009 5341.12
2012 5333.57
2017 5341.29
2020 5338.73
2026 5343.89
2029 5346.21
2035 5342.87
2042 5364.11
2046 5358.41
2050 5358.3
2054 5353.55
2058 5350.14
2061 5346.89
2066 5342.04
2070 5339.71
2072 5336.46
2075 5334.31
2079 5329.84
2086 5331.3
2090 5330.8
2094 5330.01
2097 5328.32
2101 5331.52
2104 5331.61
2106 5332.97
2109 5332.15
2114 5323.52
2119 5329
2122 5327.4
2124 5325.65
2126 5325.2
2128 5328.29
2130 5327.7
2133 5326.55
2136 5327.37
2138 5324.08
2142 5326.03
2154 5330.44
2157 5325.94
2164 5323.16
2167 5306.92
2170 5304.75
2172 5305.9
2177 5292.5
2184 5272.4
2187 5280.65
2193 5258.57
2195 5263
2201 5270.49
2205 5276.09
2207 5272.09
2209 5274.23
2214 5266.76
2219 5279.24
2221 5279.95
2226 5274.25
2231 5263.86
2237 5254.76
2239 5255.69
2241 5256.61
2243 5255.21
2246 5252.48
2250 5252.23
2256 5246.48
2260 5237.4
2262 5236.17
2268 5237.9
2270 5236
2276 5228.68
2278 5224.39
2282 5222.09
2285 5228.04
2287 5235.43
2290 5234.24
2296 5244.66
2298 5242.19
2300 5242.21
2302 5242.42
2307 5268.69
2309 5271.58
2311 5276.67
2313 5276.26
2315 5292.25
2320 5290.16
2326 5294.86
2335 5298.11
2337 5303.02
2339 5304.44
2346 5302.28
2350 5298.63
2353 5291.12
2357 5292.31
2360 5286.3
2362 5282.37
2364 5279.63
2367 5281.83
2371 5273.49
2378 5267.26
2386 5270.2
2391 5274.1
2393 5274.91
2395 5270.01
2399 5272.12
2402 5270.99
2405 5270.79
2411 5291.09
2413 5290.54
2417 5296.76
2419 5294.8
2423 5302.04
2428 5294.72
2437 5295.05
2442 5293
2445 5294.77
2448 5288.08
2453 5286.49
2456 5291.34
2460 5290.04
2465 5287.03
2470 5291.46
2473 5300.16
2481 5300.55
2484 5304.43
2486 5307.37
2488 5307.42
2493 5311.84
2496 5309.08
2498 5315.32
2500 5312.96
2503 5306.62
2506 5305.97
2512 5300.31
2515 5307.8
2518 5314.33
2521 5316.55
2523 5316.07
2525 5318.59
2533 5313.19
2538 5305
2540 5302.02
2544 5297.55
2550 5295.37
2553 5293.64
2559 5302.43
2561 5302.95
2564 5303.72
2572 5312.33
2578 5315
2580 5314.8
2582 5313.67
2586 5314.27
2591 5320.52
2593 5322.9
2595 5322.92
2600 5315.99
2602 5320.17
2605 5324.87
2608 5325.98
2610 5321.24
2613 5317.3
2617 5324.89
2620 5319.26
2624 5320.78
2626 5319.38
2630 5318.42
2633 5311.59
2638 5311.07
2642 5306.64
2649 5299.44
2652 5300.19
2654 5298.52
2660 5286.24
2662 5289.94
2664 5288.13
2668 5294.68
2672 5293.95
2676 5294.8
2679 5296.22
2681 5293.26
2684 5290.76
2687 5295.02
2689 5292.93
2697 5278.03
2699 5280.77
