0 5634.29
60 5701.69
120 5690.34
180 5671.14
240 5660.57
300 5645.69
360 5657.17
420 5616.28
480 5635.47
540 5620.27
600 5654.89
660 5650.33
720 5641.38
780 5739.11
840 5754.17
900 5757.2
960 5755.62
1020 5754.4
1080 5746.64
1140 5762.83
1200 5771.84
1260 5783.6
1320 5769.59
1380 5776.32
1440 5761.72
1500 5767.7
1560 5777.68
1620 5756.43
1680 5748.17
1740 5728.84
1800 5705.18
1860 5709.47
1920 5701.56
1980 5705.13
2040 5724.57
2100 5714.09
2160 5696.35
2220 5700.54
2280 5705.31
2340 5684.1
2400 5615.25
2460 5618.75
2520 5592.42
2580 5579.44
2640 5578.12
2700 5576.17
