0 5132.5
1 5132.5
2 5132.5
3 5132.5
4 5132.8
5 5133
6 5133.2
7 5133.3
8 5132.8
9 5133.7
10 5133.5
11 5133.5
12 5133.5
13 5133.5
14 5133
15 5132.5
16 5132.1
17 5132.7
18 5132.7
19 5132.7
20 5133
21 5132.5
22 5132.5
23 5132.7
24 5132.5
25 5132.7
26 5132.7
27 5132.7
28 5132.7
29 5132.7
30 5132.7
31 5132.7
32 5133
33 5132.8
34 5133
35 5133.2
36 5132.8
37 5133
38 5133
39 5133
40 5133.3
41 5133.3
42 5133.3
43 5133.7
44 5133.3
45 5133.3
46 5133.2
47 5133.2
48 5133
49 5132.7
50 5132.7
51 5132.7
52 5132.7
53 5133
54 5132.5
55 5132.5
56 5133.5
57 5133.5
58 5133.5
59 5133.5
60 5133.8
61 5133.5
62 5133.5
63 5133
64 5132.5
65 5132.5
66 5132.5
67 5132.5
68 5132.8
69 5133.2
70 5132.7
71 5131.8
72 5131.8
73 5131.8
74 5131.8
75 5131.5
76 5131.8
77 5132
78 5131.8
79 5132
80 5132.5
81 5132.5
82 5132.5
83 5132.5
84 5132.7
85 5132.7
86 5132.5
87 5132.5
88 5132.5
89 5132.2
90 5132.2
91 5132.5
92 5132.5
93 5132.5
94 5132.5
95 5132.5
96 5132.2
97 5132.2
98 5132.2
99 5132.2
100 5132.3
101 5132.3
102 5132.3
103 5132.7
104 5132.7
105 5132.7
106 5132.5
107 5132.7
108 5132
109 5132
110 5132.7
111 5132.5
112 5132.5
113 5132.3
114 5132.3
115 5132.5
116 5132.5
117 5132.3
118 5132
119 5132
120 5132
121 5132
122 5132.3
123 5132.3
124 5132.5
125 5132.5
126 5132.5
127 5132.2
128 5131.8
129 5132.2
130 5132.2
131 5132
132 5131.8
133 5131.3
134 5131.3
135 5131.7
136 5131.7
137 5131.5
138 5131.7
139 5131.3
140 5131.3
141 5131.3
142 5131.3
143 5131.2
144 5131.5
145 5131.5
146 5131
147 5131
148 5130.8
149 5132
150 5132
151 5132.2
152 5131.5
153 5131.5
154 5131.7
155 5132
156 5131.8
157 5132
158 5132
159 5131.3
160 5131.3
161 5131.8
162 5131.8
163 5132
164 5132.1
165 5133.3
166 5133.7
167 5134
168 5134.7
169 5134.8
170 5135.2
171 5135
172 5135.5
173 5135.3
174 5135.5
175 5135.5
176 5135.7
177 5135.5
178 5135.5
179 5135.5
180 5136.3
181 5136.5
182 5136.8
183 5136.5
184 5136.3
185 5136.2
186 5136.3
187 5136.7
188 5136.5
189 5137
190 5136.8
191 5136.7
192 5137.5
193 5136.7
194 5137.5
195 5137.7
196 5137
197 5137.5
198 5137.6
199 5137.1
200 5137.3
201 5138
202 5137.8
203 5138.2
204 5138.2
205 5138.5
206 5138.7
207 5138.7
208 5139.5
209 5139.2
210 5138.7
211 5138.2
212 5138
213 5138.7
214 5138
215 5138.2
216 5138
217 5139
218 5138.8
219 5138.7
220 5139
221 5139.5
222 5140
223 5140
224 5139.8
225 5139.8
226 5139.8
227 5140.5
228 5140.3
229 5139.8
230 5140
231 5140
232 5139.7
233 5139.3
234 5139.3
235 5139.5
236 5139.5
237 5139.5
238 5139.5
239 5140
240 5140
241 5139.8
242 5140
243 5140.2
244 5140
245 5140
246 5140.5
247 5140
248 5140
249 5139.8
250 5139.3
251 5139.3
252 5139.7
253 5139.7
254 5139.5
255 5140.6
256 5141.5
257 5141.5
258 5141.3
259 5141.5
260 5141.7
261 5141.8
262 5141
263 5141.3
264 5141.7
265 5141.7
266 5141.3
267 5142.5
268 5142.8
269 5142.7
270 5142.7
271 5142
272 5141.7
273 5141.2
274 5140.7
275 5141.5
276 5141
277 5140.5
278 5140.7
279 5140.5
280 5140.8
281 5140.5
282 5140.8
283 5140.5
284 5141
285 5141
286 5139.8
287 5139.8
288 5138.8
289 5139
290 5138.2
291 5138.5
292 5138.5
293 5138.7
294 5139.2
295 5138.7
296 5139
297 5139.2
298 5138.8
299 5139.2
300 5140
301 5140
302 5139.5
303 5139.2
304 5139
305 5139
306 5139
307 5139
308 5138.8
309 5138.8
310 5139.2
311 5138.8
312 5138.7
313 5138.7
314 5138.7
315 5138.5
316 5138.5
317 5139.7
318 5140.5
319 5140.5
320 5140.5
321 5140.5
322 5140
323 5139.5
324 5140.5
325 5140.5
326 5140.5
327 5140.5
328 5140.7
329 5140.5
330 5140.8
331 5140.7
332 5140.5
333 5140.5
334 5140.5
335 5140.5
336 5140
337 5140
338 5140.2
339 5140.5
340 5140.5
341 5140.5
342 5140.5
343 5140.5
344 5141.5
345 5141.5
346 5141.5
347 5141.8
348 5141.8
349 5141.7
350 5142
351 5141.5
352 5141.5
353 5141.5
354 5141.8
355 5142
356 5141.7
357 5141.7
358 5141.5
359 5141.3
360 5141
361 5141.3
362 5141.5
363 5141.3
364 5141.7
365 5141.7
366 5141.7
367 5142
368 5141.8
369 5141.8
370 5141.5
371 5141.7
372 5141.5
373 5141.2
374 5141.2
375 5140.8
376 5140.5
377 5141.3
378 5141.5
379 5142
380 5142
381 5142.3
382 5142.2
383 5142.5
384 5142.3
385 5142.7
386 5142.8
387 5143.5
388 5143.5
389 5143.5
390 5144.2
391 5144.5
392 5144
393 5143
394 5143.7
395 5143.7
396 5143.2
397 5142.5
398 5142.5
399 5143
400 5142.8
401 5142.8
402 5142.8
403 5142.8
404 5142.5
405 5143
406 5143.2
407 5142.8
408 5142.3
409 5142.5
410 5144
411 5143
412 5143.2
413 5143.2
414 5143.2
415 5143.2
416 5143.2
417 5142.7
418 5143
419 5142.7
420 5142.8
421 5142.7
422 5142.5
423 5142.5
424 5141.8
425 5142.5
426 5142.3
427 5142.5
428 5142.3
429 5142.7
430 5143
431 5142.8
432 5143
433 5143.7
434 5144.3
435 5144.2
436 5144.2
437 5144
438 5145
439 5145.2
440 5144.8
441 5144.8
442 5144.5
443 5144.5
444 5145
445 5145.2
446 5145.5
447 5145.3
448 5145.2
449 5144.8
450 5144.8
451 5144.5
452 5144.8
453 5144.5
454 5144.2
455 5144
456 5143.2
457 5143
458 5142.5
459 5142.5
460 5143
461 5142.5
462 5142.5
463 5142.5
464 5142.8
465 5142.8
466 5143.2
467 5142.8
468 5142.8
469 5143.2
470 5143
471 5143.7
472 5143.3
473 5143.3
474 5143.3
475 5143
476 5142.8
477 5142.8
478 5141.8
479 5142
480 5141.7
481 5141.8
482 5142.7
483 5142.5
484 5142.5
485 5142.3
486 5142.7
487 5142.5
488 5142.7
489 5142.8
490 5143.7
491 5144
492 5144
493 5144
494 5144
495 5144.5
496 5144.3
497 5144.3
498 5144.3
499 5144
500 5144
501 5144
502 5143.7
503 5143.7
504 5143.5
505 5143
506 5142.8
507 5142.8
508 5143.3
509 5143.5
510 5143.5
511 5143.3
512 5143
513 5142.2
514 5141.7
515 5141.5
516 5141.7
517 5141.2
518 5141.2
519 5140
520 5140.7
521 5140.5
522 5140.7
523 5140.5
524 5140.2
525 5140.5
526 5140.2
527 5140
528 5140.5
529 5140.3
530 5140.2
531 5140.5
532 5142.2
533 5142.2
534 5142
535 5142.5
536 5142.7
537 5142.5
538 5142.5
539 5142.5
540 5142.2
541 5143
542 5141.7
543 5142.7
544 5142.5
545 5142.5
546 5142.8
547 5143
548 5142.5
549 5142.5
550 5142.5
551 5142.3
552 5142
553 5142.5
554 5142.8
555 5143.3
556 5143.3
557 5143.5
558 5144
559 5144
560 5143.5
561 5143
562 5143
563 5142.7
564 5142.3
565 5141.8
566 5141.7
567 5141.5
568 5142
569 5142
570 5143
571 5142.8
572 5142.8
573 5142
574 5142
575 5142
576 5141.8
577 5142.2
578 5141.8
579 5142.3
580 5142.7
581 5143
582 5142.5
583 5141.8
584 5142.3
585 5142.5
586 5142.3
587 5142.8
588 5142.6
589 5143
590 5143
591 5143
592 5143
593 5143
594 5143
595 5143
596 5142.8
597 5142.5
598 5142.5
599 5142.5
600 5142
601 5142.2
602 5142
603 5141.8
604 5141.8
605 5141.5
606 5141.5
607 5141.7
608 5141.7
609 5141.5
610 5142.3
611 5142.5
612 5142.2
613 5142
614 5141.8
615 5142
616 5141.7
617 5142
618 5141.7
619 5141.7
620 5142
621 5143.3
622 5143.5
623 5143.5
624 5144
625 5143.3
626 5143.3
627 5142.8
628 5142.8
629 5142.8
630 5142.8
631 5143
632 5143
633 5142.5
634 5142.7
635 5142.5
636 5142.5
637 5142.7
638 5142.7
639 5142.5
640 5142.5
641 5142.3
642 5142.2
643 5142.3
644 5142
645 5142.2
646 5141.7
647 5142.5
648 5143
649 5142.5
650 5143.3
651 5143.7
652 5144.2
653 5144
654 5144.2
655 5143.8
656 5144.2
657 5144
658 5144
659 5143.3
660 5143.5
661 5142.5
662 5142
663 5142.3
664 5143.2
665 5143
666 5143
667 5143.5
668 5143
669 5143.2
670 5143.2
671 5143.2
672 5143.2
673 5143.2
674 5143
675 5143
676 5143
677 5143
678 5142.5
679 5142.7
680 5142.7
681 5142.8
682 5142.5
683 5142.5
684 5142.8
685 5143
686 5143
687 5143
688 5143.3
689 5143.5
690 5144.2
691 5144.5
692 5144
693 5143.8
694 5144.2
695 5144
696 5144
697 5144
698 5144.5
699 5144.5
700 5144.5
701 5144.5
702 5144.5
703 5144.5
704 5144.5
705 5144.3
706 5143.8
707 5143.8
708 5144.2
709 5144.2
710 5144.3
711 5144.3
712 5144.3
713 5144.3
714 5146
715 5146
716 5146.3
717 5146
718 5146.3
719 5146.5
720 5146.3
721 5146.2
722 5146
723 5145.8
724 5146
725 5145.7
726 5146
727 5146
728 5145.7
729 5145.5
730 5146
731 5146.2
732 5146.5
733 5146.3
734 5145.8
735 5146
736 5146.2
737 5146.3
738 5146.3
739 5146.3
740 5146.1
741 5146.5
742 5146
743 5146.5
744 5146.5
745 5146.7
746 5147
747 5146.5
748 5146.5
749 5146.8
750 5146.8
751 5147.5
752 5147.3
753 5147.7
754 5147
755 5147
756 5147.3
757 5147.5
758 5147.3
759 5148
760 5148
761 5148
762 5148
763 5146.5
764 5146.5
765 5145.5
766 5146
767 5146.2
768 5146.2
769 5145.7
770 5145.7
771 5145.7
772 5146
773 5147
774 5146.5
775 5146
776 5145.8
777 5145.7
778 5145.5
779 5146
780 5146
781 5146
782 5146
783 5145
784 5145
785 5145.5
786 5145
787 5145
788 5145.2
789 5145
790 5145.5
791 5145.5
792 5145.5
793 5145.5
794 5145.2
795 5145.2
796 5145.5
797 5145.5
798 5145.3
799 5145.5
800 5145.5
801 5145.2
802 5144.8
803 5144.5
804 5144.7
805 5144.3
806 5145.3
807 5145.3
808 5145.3
809 5145
810 5144
811 5144.5
812 5144.7
813 5145
814 5145
815 5145
816 5144.5
817 5143.8
818 5143.8
819 5144.2
820 5144.5
821 5144.2
822 5144.2
823 5143.8
824 5144.2
825 5144.7
826 5144.7
827 5144.7
828 5144.3
829 5144.3
830 5144.5
831 5144.5
832 5144.5
833 5144.5
834 5144.5
835 5144.2
836 5144
837 5144.2
838 5144.2
839 5144.5
840 5144.2
841 5144
842 5144
843 5145
844 5145.5
845 5145.5
846 5146
847 5145.5
848 5145.3
849 5146
850 5145.5
851 5145.7
852 5145.7
853 5145.5
854 5145.7
855 5145.3
856 5145.3
857 5145.5
858 5145
859 5145.2
860 5144.8
861 5145
862 5144.7
863 5145
864 5144.5
865 5144.7
866 5144.5
867 5144.3
868 5144.5
869 5144.7
870 5144.5
871 5144.8
872 5144.8
873 5145
874 5144.7
875 5145
876 5145
877 5144.6
878 5144.6
879 5145.7
880 5146.7
881 5146.5
882 5146.5
883 5146.2
884 5146
885 5146
886 5145.5
887 5146
888 5146
889 5146
890 5146
891 5146
892 5145.7
893 5145.8
894 5146
895 5145.5
896 5145.7
897 5146.2
898 5146
899 5146.3
900 5146.5
901 5146.3
902 5146.2
903 5145.8
904 5144.8
905 5144.7
906 5145.2
907 5144.8
908 5144.5
909 5144.2
910 5143.2
911 5142.8
912 5143
913 5143.2
914 5143
915 5143.2
916 5142.8
917 5142.8
918 5143.2
919 5143.2
920 5143.5
921 5143.5
922 5143.8
923 5143.8
924 5143.5
925 5143.5
926 5143.5
927 5143.5
928 5143.5
929 5143.5
930 5144
931 5144
932 5143.8
933 5143.8
934 5143.8
935 5144
936 5143.7
937 5143.7
938 5143.8
939 5143.8
940 5144.2
941 5144.3
942 5144.3
943 5144.3
944 5144.5
945 5143
946 5143
947 5142.8
948 5143
949 5143
950 5143.3
951 5144
952 5144
953 5143
954 5143.3
955 5143.3
956 5143.3
957 5143.5
958 5143.5
959 5143
960 5143.3
961 5143.3
962 5143.3
963 5143.3
964 5143.3
965 5143.5
966 5143.5
967 5144
968 5144
969 5143.5
970 5143.7
971 5143
972 5143.2
973 5143.8
974 5143.8
975 5143.5
976 5144.2
977 5145
978 5145
979 5145
980 5145
981 5145
982 5145.5
983 5145.8
984 5146
985 5146
986 5147
987 5146.5
988 5146.5
989 5145.8
990 5146.3
991 5146.5
992 5146.3
993 5146
994 5146.8
995 5148
996 5147.2
997 5147
998 5146.5
999 5146
1000 5146
1001 5147
1002 5147
1003 5147
1004 5147
1005 5147
1006 5146.8
1007 5146.8
1008 5147
1009 5146.5
1010 5146.8
1011 5147.5
1012 5147.5
1013 5147.5
1014 5147
1015 5147.3
1016 5147.5
1017 5147.5
1018 5147.5
1019 5147.5
1020 5147.5
1021 5147.5
1022 5147.5
1023 5147.7
1024 5147.8
1025 5147.8
1026 5148.5
1027 5148.5
1028 5148
1029 5148
1030 5148
1031 5149.2
1032 5149.2
1033 5149.5
1034 5148.7
1035 5148.3
1036 5148.5
1037 5148.7
1038 5148.5
1039 5148.5
1040 5148.7
1041 5148.8
1042 5148.8
1043 5148.8
1044 5149
1045 5148.7
1046 5148.5
1047 5149.5
1048 5149.3
1049 5149.2
1050 5149.2
1051 5149.2
1052 5148.8
1053 5149
1054 5148.7
1055 5148.7
1056 5148.7
1057 5148
1058 5148.5
1059 5148.7
1060 5148.8
1061 5148.8
1062 5148.8
1063 5148.7
1064 5148.5
1065 5148.5
1066 5148.5
1067 5148.7
1068 5149.2
1069 5149
1070 5148.7
1071 5149.2
1072 5148.5
1073 5148.5
1074 5148.7
1075 5148.8
1076 5148.8
1077 5148.5
1078 5148.5
1079 5148.5
1080 5148.2
1081 5148.5
1082 5149
1083 5148.7
1084 5149
1085 5149
1086 5149
1087 5148.8
1088 5149
1089 5149
1090 5149.5
1091 5149.3
1092 5149.7
1093 5149
1094 5149.3
1095 5150
1096 5149.3
1097 5149.3
1098 5149.5
1099 5149.3
1100 5149.7
1101 5149.5
1102 5149.5
1103 5150
1104 5150.2
1105 5150
1106 5150
1107 5150.3
1108 5150
1109 5149.1
1110 5150.2
1111 5150.2
1112 5150.5
1113 5150.5
1114 5150.5
1115 5150.3
1116 5150.3
1117 5150
1118 5150.2
1119 5150
1120 5150
1121 5149.8
1122 5150
1123 5149.8
1124 5149.8
1125 5149.5
1126 5150.3
1127 5150.2
1128 5149.5
1129 5149.2
1130 5149.2
1131 5149
1132 5149.7
1133 5150.3
1134 5150.3
1135 5150.3
1136 5150.3
1137 5151.7
1138 5152.5
1139 5152.3
1140 5151.8
1141 5151.5
1142 5152
1143 5152.5
1144 5152
1145 5152
1146 5151.8
1147 5151.3
1148 5151.2
1149 5150.8
1150 5151.5
1151 5151.5
1152 5151.5
1153 5151.5
1154 5151.1
1155 5151.5
1156 5151.2
1157 5150.8
1158 5150.7
1159 5151.2
1160 5151.7
1161 5151.5
1162 5151.8
1163 5152
1164 5152
1165 5151.7
1166 5152
1167 5151.8
1168 5152
1169 5152
1170 5151.8
1171 5151.7
1172 5151.5
1173 5151.3
1174 5151.7
1175 5152.2
1176 5152.5
1177 5152.7
1178 5152.2
1179 5152
1180 5152.5
1181 5152.3
1182 5151.8
1183 5152.2
1184 5151.8
1185 5151.5
1186 5151.5
1187 5151.3
1188 5151.5
1189 5151.5
1190 5151.3
1191 5150.8
1192 5151
1193 5151.5
1194 5152.3
1195 5152.5
1196 5153
1197 5153
1198 5152.5
1199 5153.5
1200 5153.5
1201 5153.7
1202 5153.7
1203 5153.3
1204 5153.5
1205 5153.7
1206 5153.5
1207 5153.5
1208 5153.5
1209 5154.2
1210 5154.5
1211 5154.2
1212 5154.3
1213 5154.3
1214 5155
1215 5154.8
1216 5155
1217 5155.5
1218 5154.5
1219 5155
1220 5154.5
1221 5154.7
1222 5155.5
1223 5155
1224 5154.7
1225 5154.7
1226 5154.1
1227 5154
1228 5154
1229 5153.2
1230 5153.2
1231 5152.5
1232 5152.3
1233 5152.2
1234 5151.8
1235 5151.8
1236 5152.5
1237 5152
1238 5152
1239 5152.3
1240 5152.2
1241 5151.8
1242 5152
1243 5152
1244 5152
1245 5151.5
1246 5150.6
1247 5151.5
1248 5151.7
1249 5151.5
1250 5151
1251 5150
1252 5149.8
1253 5150.3
1254 5150
1255 5150.5
1256 5150.3
1257 5150.3
1258 5150.3
1259 5150.7
1260 5151.3
1261 5151.2
1262 5151.5
1263 5151.5
1264 5151.8
1265 5151.3
1266 5152
1267 5152.7
1268 5152.8
1269 5152.8
1270 5152.7
1271 5152.8
1272 5153
1273 5152.7
1274 5152
1275 5152
1276 5151.7
1277 5151.3
1278 5150.8
1279 5151.5
1280 5151.3
1281 5151
1282 5151.2
1283 5151.5
1284 5151.5
1285 5151.5
1286 5152.2
1287 5152
1288 5152
1289 5152.2
1290 5151.8
1291 5152.2
1292 5152.3
1293 5152
1294 5152.7
1295 5152.3
1296 5152.5
1297 5152.5
1298 5152.7
1299 5152
1300 5151.8
1301 5151.3
1302 5151.3
1303 5151.7
1304 5151.7
1305 5151.5
1306 5151.5
1307 5151.5
1308 5152
1309 5151.8
1310 5152
1311 5152.5
1312 5152
1313 5150.8
1314 5150.8
1315 5151
1316 5150.8
1317 5151
1318 5151
1319 5151.2
1320 5151.2
1321 5151
1322 5150.7
1323 5150.7
1324 5150.7
1325 5151.2
1326 5151.3
1327 5151.3
1328 5151
1329 5151.7
1330 5152.5
1331 5152.2
1332 5151.5
1333 5151.3
1334 5151.3
1335 5150
1336 5150.5
1337 5149.5
1338 5149.8
1339 5149.7
1340 5150
1341 5150.5
1342 5150.3
1343 5150.5
1344 5150.5
1345 5150.5
1346 5150
1347 5150
1348 5150.3
1349 5150
1350 5149.7
1351 5149.5
1352 5149.5
1353 5150
1354 5150
1355 5149.6
1356 5150.2
1357 5149.5
1358 5149.7
1359 5150.2
1360 5150.2
1361 5149.8
1362 5150.5
1363 5150.5
1364 5150
1365 5149.8
1366 5149.7
1367 5149.7
1368 5150.2
1369 5149.5
1370 5150.3
1371 5151.2
1372 5152
1373 5152.5
1374 5152.5
1375 5152
1376 5151.8
1377 5151.7
1378 5152.3
1379 5152.3
1380 5152.2
1381 5151.8
1382 5152
1383 5151.6
1384 5151.7
1385 5151.7
1386 5151.7
1387 5151.5
1388 5150.7
1389 5151.5
1390 5151
1391 5150.7
1392 5150.5
1393 5150.5
1394 5150.5
1395 5150
1396 5150
1397 5150
1398 5149.8
1399 5150
1400 5149.7
1401 5149.5
1402 5149.3
1403 5150
1404 5148.7
1405 5148.7
1406 5148.3
1407 5147.7
1408 5147.8
1409 5148.2
1410 5147.8
1411 5148
1412 5148.2
1413 5147.5
1414 5147.8
1415 5147.7
1416 5147.2
1417 5147
1418 5147.5
1419 5147.5
1420 5147
1421 5146.8
1422 5146.3
1423 5146.3
1424 5146.3
1425 5146.7
1426 5145.7
1427 5146
1428 5146.5
1429 5146.5
1430 5146.7
1431 5146.5
1432 5147
1433 5146.8
1434 5147.2
1435 5148
1436 5148.7
1437 5148
1438 5148.7
1439 5148.7
1440 5148.5
1441 5148.2
1442 5148.2
1443 5148.3
1444 5148.5
1445 5148.3
1446 5148.5
1447 5148.7
1448 5148.8
1449 5149.3
1450 5149.2
1451 5148.8
1452 5149
1453 5149
1454 5149
1455 5149
1456 5149
1457 5148.8
1458 5149.2
1459 5149.5
1460 5149.5
1461 5149.2
1462 5148.8
1463 5149.5
1464 5149.5
1465 5149.5
1466 5148.8
1467 5148.2
1468 5148.3
1469 5148.5
1470 5147.8
1471 5146.7
1472 5147
1473 5146.2
1474 5146
1475 5146.8
1476 5146
1477 5146
1478 5146.8
1479 5146.7
1480 5146.5
1481 5146.7
1482 5147
1483 5146.8
1484 5146.7
1485 5146
1486 5146.3
1487 5146.5
1488 5146.5
1489 5146.5
1490 5146.3
1491 5146.3
1492 5146.2
1493 5145.7
1494 5145.5
1495 5145.5
1496 5145.3
1497 5145.3
1498 5145
1499 5145
1500 5145.8
1501 5146
1502 5145.5
1503 5145.3
1504 5145.3
1505 5145.7
1506 5145.7
1507 5145.5
1508 5146
1509 5145.5
1510 5145.5
1511 5145.5
1512 5145.5
1513 5145.3
1514 5145.3
1515 5145.3
1516 5145.3
1517 5145.8
1518 5146
1519 5145.7
1520 5145.7
1521 5145.3
1522 5145.7
1523 5145
1524 5144.8
1525 5145.5
1526 5145.6
1527 5145.5
1528 5145
1529 5144.7
1530 5144.8
1531 5145.5
1532 5145.7
1533 5145.8
1534 5145.8
1535 5146.2
1536 5146.2
1537 5146.5
1538 5146.5
1539 5146.3
1540 5147.5
1541 5147.7
1542 5147.8
1543 5148.7
1544 5149.2
1545 5150.2
1546 5149.2
1547 5149
1548 5149.2
1549 5148
1550 5148.2
1551 5148.2
1552 5149.7
1553 5149.8
1554 5150
1555 5150.3
1556 5150
1557 5150.2
1558 5150
1559 5150
1560 5150
1561 5150.5
1562 5150.8
1563 5150.5
1564 5150.5
1565 5150.5
1566 5150.5
1567 5150.5
1568 5150.3
1569 5149.8
1570 5150
1571 5149
1572 5148.5
1573 5148
1574 5148
1575 5148
1576 5148
1577 5148
1578 5148.5
1579 5147.7
1580 5147.8
1581 5147.5
1582 5147.5
1583 5147.5
1584 5147.3
1585 5147.3
1586 5148
1587 5147.5
1588 5147.7
1589 5148
1590 5147.8
1591 5148.5
1592 5149.2
1593 5148.7
1594 5148.7
1595 5148.7
1596 5149.2
1597 5148.5
1598 5148.7
1599 5148.7
1600 5148.3
1601 5148.5
1602 5148.5
1603 5149.2
1604 5149.5
1605 5149.3
1606 5149.7
1607 5149.7
1608 5149.7
1609 5149.5
1610 5149.5
1611 5149.5
1612 5149.5
1613 5150.5
1614 5150.3
1615 5150.3
1616 5149.8
1617 5149.8
1618 5149.8
1619 5149.8
1620 5150.5
1621 5150.2
1622 5150.3
1623 5150.5
1624 5150.5
1625 5150.5
1626 5150.5
1627 5150.3
1628 5150
1629 5150
1630 5150
1631 5150
1632 5150.5
1633 5150.3
1634 5150.7
1635 5150.8
1636 5151.2
1637 5151.5
1638 5152.2
1639 5152.2
1640 5152.2
1641 5151.7
1642 5152
1643 5151.8
1644 5151.8
1645 5151.5
1646 5151
1647 5152.2
1648 5152.2
1649 5152.5
1650 5152.5
1651 5152.7
1652 5152.7
1653 5152.5
1654 5152.5
1655 5153
1656 5152.5
1657 5152.7
1658 5152.3
1659 5152.5
1660 5152.3
1661 5152.2
1662 5152
1663 5152
1664 5151.3
1665 5151.5
1666 5151.5
1667 5150.7
1668 5151.2
1669 5151
1670 5151.2
1671 5151
1672 5151.3
1673 5151.3
1674 5151.3
1675 5150.8
1676 5150.5
1677 5150.8
1678 5150.7
1679 5151.2
1680 5151
1681 5150.5
1682 5149.7
1683 5149.5
1684 5149.8
1685 5150.2
1686 5149.8
1687 5150
1688 5150.5
1689 5150.3
1690 5150
1691 5150.7
1692 5150.7
1693 5150.7
1694 5150.7
1695 5151
1696 5151
1697 5151
1698 5151
1699 5151.5
1700 5151.3
1701 5151.3
1702 5151.3
1703 5152
1704 5152.5
1705 5152.5
1706 5152.5
1707 5152.8
1708 5152.7
1709 5152
1710 5152
1711 5151.3
1712 5152
1713 5152
1714 5152
1715 5152.3
1716 5152
1717 5152
1718 5152.2
1719 5152
1720 5152
1721 5151.5
1722 5151.8
1723 5152
1724 5151.7
1725 5151.8
1726 5152.2
1727 5152
1728 5152
1729 5151.8
1730 5151.3
1731 5150.3
1732 5149.5
1733 5149.3
1734 5149
1735 5149.2
1736 5148.8
1737 5148.5
1738 5148.5
1739 5148.5
1740 5148.1
1741 5148.1
1742 5148
1743 5148.5
1744 5149.5
1745 5149.5
1746 5149.2
1747 5149.7
1748 5150.8
1749 5150.8
1750 5150.7
1751 5150.5
1752 5150.5
1753 5150.5
1754 5150.7
1755 5150.2
1756 5149.3
1757 5150.3
1758 5150.8
1759 5151.8
1760 5152.5
1761 5152.2
1762 5151.5
1763 5151.5
1764 5151.5
1765 5152.2
1766 5152.3
1767 5152.3
1768 5152.3
1769 5152.5
1770 5153
1771 5152.5
1772 5153
1773 5152.5
1774 5153.5
1775 5153.8
1776 5153.8
1777 5153.2
1778 5153.5
1779 5153.7
1780 5154.8
1781 5154.8
1782 5155.3
1783 5155.8
1784 5155.5
1785 5156.5
1786 5156.3
1787 5156
1788 5156.5
1789 5157
1790 5156.7
1791 5156.7
1792 5157
1793 5156.3
1794 5154.7
1795 5154.3
1796 5153.8
1797 5153.7
1798 5154.2
1799 5154
1800 5153.5
1801 5153.7
1802 5153
1803 5152.5
1804 5152.3
1805 5151.7
1806 5151.5
1807 5152.8
1808 5152.7
1809 5152.5
1810 5153.7
1811 5154.5
1812 5154.8
1813 5155.3
1814 5155.7
1815 5156
1816 5156.5
1817 5157
1818 5157
1819 5157
1820 5156.8
1821 5156.8
1822 5156.5
1823 5157
1824 5157
1825 5156.5
1826 5156
1827 5156
1828 5155.5
1829 5155
1830 5154.5
1831 5153.5
1832 5153.5
1833 5153.2
1834 5153
1835 5152.7
1836 5153
1837 5153.7
1838 5153
1839 5153.3
1840 5153.3
1841 5153.3
1842 5153.8
1843 5154
1844 5154
1845 5154.7
1846 5154.8
1847 5154.8
1848 5155.7
1849 5155.5
1850 5155.7
1851 5155.7
1852 5156
1853 5156.7
1854 5156.5
1855 5156.8
1856 5156.7
1857 5157.7
1858 5158
1859 5158.2
1860 5158
1861 5158
1862 5158.2
1863 5158.2
1864 5158.2
1865 5158.5
1866 5159.2
1867 5159.5
1868 5159.2
1869 5159
1870 5159.5
1871 5160.5
1872 5161
1873 5161.8
1874 5162
1875 5162.2
1876 5162.5
1877 5162.5
1878 5163
1879 5163.5
1880 5163.8
1881 5164.2
1882 5164.3
1883 5165
1884 5165.3
1885 5166.2
1886 5166.5
1887 5166.8
1888 5167.3
1889 5167.3
1890 5166.5
1891 5165.2
1892 5163.8
1893 5163.7
1894 5162.5
1895 5162.5
1896 5162
1897 5162.2
1898 5161.8
1899 5162
1900 5161
1901 5161.5
1902 5161.2
1903 5159.8
1904 5160.8
1905 5161
1906 5160.5
1907 5160.5
1908 5160.5
1909 5161.3
1910 5160.5
1911 5161.2
1912 5161.2
1913 5160.5
1914 5160.5
1915 5160.7
1916 5160.2
1917 5160.7
1918 5160.7
1919 5160
1920 5160
1921 5159.2
1922 5159.7
1923 5159.7
1924 5160
1925 5159.3
1926 5159.3
1927 5159
1928 5159.2
1929 5161.2
1930 5161
1931 5160.5
1932 5160.5
1933 5160.5
1934 5161.3
1935 5162.5
1936 5162.2
1937 5162.2
1938 5162.7
1939 5163.3
1940 5163.5
1941 5163.7
1942 5163.5
1943 5164.5
1944 5163.5
1945 5163.5
1946 5164.5
1947 5164.5
1948 5164.5
1949 5164
1950 5164
1951 5163.8
1952 5163.7
1953 5163
1954 5162.8
1955 5162.8
1956 5163
1957 5161.8
1958 5161
1959 5160.7
1960 5161
1961 5160.5
1962 5160.8
1963 5160.7
1964 5161
1965 5161.5
1966 5161.1
1967 5160.8
1968 5161.5
1969 5161.7
1970 5160.7
1971 5160.7
1972 5160.5
1973 5161
1974 5161.2
1975 5161
1976 5161.5
1977 5161.3
1978 5161.3
1979 5161.2
1980 5161
1981 5161
1982 5161
1983 5161
1984 5160.8
1985 5161.2
1986 5161
1987 5161
1988 5161
1989 5161
1990 5160.8
1991 5161
1992 5161
1993 5160.8
1994 5161.5
1995 5161.2
1996 5161.3
1997 5162.5
1998 5161.5
1999 5161.7
2000 5161
2001 5161.2
2002 5161
2003 5161.2
2004 5161
2005 5161.5
2006 5161.3
2007 5162.2
2008 5162
2009 5163.5
2010 5164
2011 5163.3
2012 5164
2013 5164.2
2014 5163.5
2015 5163.8
2016 5163.8
2017 5164.2
2018 5163.5
2019 5162.7
2020 5163.5
2021 5163
2022 5164.5
2023 5164.2
2024 5164.5
2025 5164.7
2026 5164.5
2027 5164.7
2028 5165.7
2029 5166
2030 5166.5
2031 5166
2032 5166.3
2033 5166.3
2034 5166
2035 5166.2
2036 5166.5
2037 5166.3
2038 5166.5
2039 5166
2040 5165.8
2041 5166.5
2042 5167
2043 5166.7
2044 5167.7
2045 5167.3
2046 5167.2
2047 5166.8
2048 5165.8
2049 5165
2050 5165.2
2051 5164.5
2052 5164.5
2053 5164.7
2054 5165.5
2055 5166.3
2056 5167
2057 5166.5
2058 5165.5
2059 5166
2060 5165.5
2061 5164.8
2062 5164.3
2063 5164.5
2064 5164.5
2065 5166.5
2066 5166.3
2067 5166
2068 5165.5
2069 5164.7
2070 5164.5
2071 5164
2072 5164.5
2073 5164
2074 5163.5
2075 5163.2
2076 5163.3
2077 5163
2078 5163.7
2079 5163.8
2080 5163.7
2081 5163.8
2082 5164.8
2083 5163.3
2084 5163.5
2085 5163.5
2086 5164
2087 5163.5
2088 5164
2089 5163
2090 5163
2091 5162.5
2092 5162.7
2093 5162.3
2094 5162.5
2095 5163.5
2096 5163.5
2097 5163.3
2098 5163.2
2099 5162.7
2100 5163.3
2101 5163.5
2102 5163.5
2103 5163.3
2104 5162.5
2105 5162.8
2106 5162.7
2107 5162.5
2108 5161.8
2109 5161.7
2110 5161.8
2111 5163.3
2112 5162.8
2113 5163.5
2114 5163.5
2115 5164.2
2116 5164.5
2117 5163.5
2118 5163.5
2119 5163.8
2120 5164
2121 5164
2122 5164.2
2123 5164.2
2124 5163.8
2125 5164
2126 5165.2
2127 5165
2128 5165.2
2129 5164.8
2130 5164.8
2131 5164.3
2132 5164.5
2133 5163.5
2134 5164
2135 5163.8
2136 5164.5
2137 5164.7
2138 5165.3
2139 5165.8
2140 5164
2141 5164.2
2142 5164
2143 5164.2
2144 5164.3
2145 5163.8
2146 5164
2147 5165
2148 5164
2149 5163.5
2150 5164.5
2151 5165.2
2152 5165.7
2153 5165
2154 5164.2
2155 5164.2
2156 5164.5
2157 5165
2158 5165
2159 5164.5
2160 5165.8
2161 5166
2162 5166
2163 5165.5
2164 5164.8
2165 5164.7
2166 5164.5
2167 5165.2
2168 5165.2
2169 5165.7
2170 5165.5
2171 5165.5
2172 5166.8
2173 5166.5
2174 5165.8
2175 5166.2
2176 5165.3
2177 5164.3
2178 5164.1
2179 5164.5
2180 5166
2181 5165.5
2182 5165.8
2183 5166.5
2184 5166.7
2185 5166.5
2186 5166.3
2187 5166.3
2188 5166
2189 5166.5
2190 5166.3
2191 5166.5
2192 5166.5
2193 5166.5
2194 5167.7
2195 5166.5
2196 5166.7
2197 5166
2198 5166.5
2199 5166.5
2200 5166.7
2201 5166.7
2202 5166.7
2203 5166.8
2204 5166.8
2205 5166.7
2206 5166.5
2207 5166.5
2208 5166.5
2209 5167
2210 5167
2211 5167
2212 5167
2213 5167.7
2214 5167.7
2215 5169
2216 5168.2
2217 5168.3
2218 5168.5
2219 5168.7
2220 5168.5
2221 5167.3
2222 5167.5
2223 5167
2224 5167
2225 5167
2226 5166
2227 5167
2228 5166.5
2229 5166.7
2230 5166.3
2231 5166.3
2232 5166.5
2233 5166.7
2234 5166.5
2235 5166
2236 5166
2237 5166.5
2238 5166.5
2239 5165.7
2240 5166.8
2241 5167.2
2242 5165.8
2243 5165.8
2244 5166.2
2245 5166
2246 5166.2
2247 5167.5
2248 5168.3
2249 5167.7
2250 5167.7
2251 5167.3
2252 5167.5
2253 5167.5
2254 5167.5
2255 5168
2256 5167.7
2257 5167.7
2258 5167.7
2259 5167.8
2260 5168
2261 5168.2
2262 5167.7
2263 5167.7
2264 5167.3
2265 5167.5
2266 5167
2267 5167.5
2268 5168.3
2269 5168.3
2270 5168.7
2271 5168.7
2272 5168.5
2273 5167
2274 5167
2275 5166.5
2276 5166.5
2277 5166.3
2278 5166.5
2279 5166
2280 5166.5
2281 5166.1
2282 5167
2283 5166.5
2284 5166.5
2285 5166.7
2286 5167.5
2287 5168
2288 5169
2289 5168.2
2290 5168.3
2291 5168.7
2292 5168.3
2293 5168
2294 5169.8
2295 5169.2
2296 5169
2297 5169
2298 5169.5
2299 5169
2300 5168.8
2301 5169
2302 5169.2
2303 5168.2
2304 5167.8
2305 5168.2
2306 5166.8
2307 5166.8
2308 5167
2309 5167
2310 5167.1
2311 5167.2
2312 5167
2313 5166.3
2314 5167
2315 5167
2316 5166.5
2317 5166
2318 5166.2
2319 5166.5
2320 5167
2321 5166.7
2322 5166.2
2323 5166.5
2324 5164.8
2325 5164.8
2326 5164.5
2327 5165
2328 5165.2
2329 5165
2330 5165
2331 5165
2332 5164.5
2333 5164
2334 5164.3
2335 5165.3
2336 5164.8
2337 5164.5
2338 5165
2339 5164.2
2340 5164.5
2341 5165.3
2342 5165
2343 5164.8
2344 5164.7
2345 5165
2346 5165.2
2347 5164
2348 5163
2349 5163
2350 5163.2
2351 5162.5
2352 5162.7
2353 5162.3
2354 5162.3
2355 5162.5
2356 5162.7
2357 5162.5
2358 5162.3
2359 5162
2360 5161.3
2361 5161.2
2362 5162
2363 5162.5
2364 5163
2365 5162.2
2366 5162
2367 5161.7
2368 5161.8
2369 5162
2370 5162
2371 5162.5
2372 5163
2373 5163.8
2374 5164
2375 5164.5
2376 5164.3
2377 5164.3
2378 5164.5
2379 5165.5
2380 5166
2381 5165.3
2382 5166
2383 5164.8
2384 5166
2385 5166.5
2386 5166.3
2387 5166.3
2388 5166.5
2389 5167
2390 5167.3
2391 5167.5
2392 5167.3
2393 5167.7
2394 5167.5
2395 5167.5
2396 5167.7
2397 5168.3
2398 5168.3
2399 5169
2400 5169.2
2401 5169.5
2402 5169
2403 5169.8
2404 5169.7
2405 5169.5
2406 5169.5
2407 5169
2408 5169.2
2409 5169.8
2410 5169
2411 5168.8
2412 5169
2413 5168.5
2414 5168.5
2415 5168.5
2416 5168.8
2417 5168.3
2418 5168.7
2419 5168.8
2420 5168.8
2421 5169
2422 5168.5
2423 5168.5
2424 5168.3
2425 5168.8
2426 5169.8
2427 5169.8
2428 5169.8
2429 5169.5
2430 5169.3
2431 5169.5
2432 5169.5
2433 5170
2434 5170.3
2435 5169.8
2436 5171
2437 5170.5
2438 5170.8
2439 5170.8
2440 5170.8
2441 5170.8
2442 5171.5
2443 5171
2444 5171
2445 5171.5
2446 5170.8
2447 5171.2
2448 5170.5
2449 5170.3
2450 5169.7
2451 5169.8
2452 5169.3
2453 5169.2
2454 5168.8
2455 5169
2456 5168.8
2457 5169
2458 5169.5
2459 5169.5
2460 5169
2461 5169
2462 5169.5
2463 5170
2464 5170
2465 5170
2466 5170.7
2467 5170.7
2468 5170.5
2469 5170.2
2470 5170.5
2471 5167.8
2472 5170
2473 5167.5
2474 5166.2
2475 5166.3
2476 5166.5
2477 5166.5
2478 5166.2
2479 5165.5
2480 5164.7
2481 5166.5
2482 5167
2483 5166.8
2484 5166.5
2485 5166.5
2486 5167
2487 5165.7
2488 5165.5
2489 5165.7
2490 5165.8
2491 5168
2492 5168.7
2493 5169.2
2494 5169.5
2495 5169.7
2496 5169.8
2497 5171.2
2498 5171.6
2499 5172
2500 5172.5
2501 5172.5
2502 5172
2503 5171.7
2504 5172
2505 5172.2
2506 5172.2
2507 5172.8
2508 5173.5
2509 5173.3
2510 5174
2511 5174
2512 5173.7
2513 5173
2514 5174
2515 5174
2516 5174.2
2517 5173.8
2518 5173
2519 5174.2
2520 5174.2
2521 5174
2522 5174
2523 5174
2524 5174.5
2525 5173
2526 5173.5
2527 5173.2
2528 5173.7
2529 5173.5
2530 5172.7
2531 5173
2532 5174
2533 5174
2534 5173.8
2535 5173.7
2536 5173.8
2537 5173.8
2538 5174.3
2539 5174
2540 5174.2
2541 5174
2542 5174
2543 5174
2544 5173.8
2545 5174.5
2546 5174.5
2547 5176.5
2548 5177
2549 5177
2550 5176.8
2551 5177.8
2552 5177.8
2553 5177.2
2554 5176.8
2555 5176
2556 5175.8
2557 5176
2558 5175.5
2559 5175.5
2560 5174.5
2561 5173.7
2562 5173.2
2563 5173.5
2564 5173.5
2565 5174
2566 5174.7
2567 5175.2
2568 5174.5
2569 5174
2570 5174
2571 5174.5
2572 5172.8
2573 5172.5
2574 5172
2575 5172.2
2576 5172.5
2577 5172.7
2578 5171.5
2579 5171.5
2580 5171.5
2581 5171.5
2582 5171.5
2583 5171.3
2584 5171.5
2585 5171.3
2586 5171
2587 5171.3
2588 5171.3
2589 5171.3
2590 5171.3
2591 5171.7
2592 5171.3
2593 5171.5
2594 5172
2595 5170.3
2596 5170.3
2597 5170.8
2598 5170.8
2599 5171
2600 5170.5
2601 5170.8
2602 5170.7
2603 5170.7
2604 5170.5
2605 5170.5
2606 5170.5
2607 5170.8
2608 5170.5
2609 5171
2610 5171
2611 5171.7
2612 5172.2
2613 5172.5
2614 5172.8
2615 5173
2616 5174.7
2617 5174.3
2618 5174
2619 5174
2620 5174.8
2621 5174.8
2622 5175.3
2623 5175.2
2624 5176
2625 5176
2626 5177.2
2627 5176.5
2628 5177
2629 5177.2
2630 5176.8
2631 5176.8
2632 5176.3
2633 5176.5
2634 5176.8
2635 5176.5
2636 5176.8
2637 5177.2
2638 5176.6
2639 5177.2
2640 5177.2
2641 5177
2642 5176.7
2643 5177
2644 5176.2
2645 5175.7
2646 5175
2647 5176.5
2648 5175.7
2649 5176.3
2650 5176.2
2651 5176
2652 5175.5
2653 5174.8
2654 5174.7
2655 5174.5
2656 5174.5
2657 5174
2658 5174
2659 5173.5
2660 5173.5
2661 5174.8
2662 5174.8
2663 5175.3
2664 5175.5
2665 5174.5
2666 5175.3
2667 5175.5
2668 5176.2
2669 5177.2
2670 5176.5
2671 5176.5
2672 5177.5
2673 5177.3
2674 5178.7
2675 5178.5
2676 5178.5
2677 5178.7
2678 5178.5
2679 5178.5
2680 5178.7
2681 5179
2682 5179.7
2683 5179.3
2684 5179.6
2685 5180.5
2686 5181
2687 5180.8
2688 5182.5
2689 5180.8
2690 5180.5
2691 5181
2692 5180
2693 5180.2
2694 5180.5
2695 5179.8
2696 5180.8
2697 5181.5
2698 5180.7
2699 5179.8
2700 5180
2701 5180
2702 5180.2
2703 5181
2704 5182.2
2705 5183
2706 5183.5
2707 5183.2
2708 5182.5
2709 5182
2710 5183
2711 5183.5
2712 5183.7
2713 5184.2
2714 5183.5
2715 5181.5
2716 5182
2717 5182.3
2718 5183
2719 5182
2720 5183.5
2721 5184
2722 5183.5
2723 5183.8
2724 5184
2725 5183.5
2726 5183.5
2727 5183.5
2728 5183.5
2729 5184.3
2730 5183.5
2731 5183.7
2732 5184
2733 5184.5
2734 5183.8
2735 5184.5
2736 5185
2737 5184.8
2738 5185
2739 5184.8
2740 5185
2741 5184.8
2742 5184.8
2743 5184.5
2744 5184.1
2745 5184.2
2746 5184.5
2747 5183.8
2748 5183.8
2749 5183.5
2750 5183
2751 5183.3
2752 5183.5
2753 5183.7
2754 5184
2755 5184.7
2756 5185
2757 5186
2758 5186.2
2759 5185.7
2760 5185.2
2761 5185.5
2762 5185.5
2763 5185.3
2764 5185.8
2765 5186.3
2766 5187
2767 5186.3
2768 5186.8
2769 5186.8
2770 5187
2771 5187
2772 5187
2773 5186.7
2774 5186.7
2775 5186
2776 5186
2777 5185.5
2778 5186
2779 5186
2780 5185.2
2781 5185.3
2782 5185.5
2783 5185
2784 5184.8
2785 5184.8
2786 5185
2787 5185
2788 5185.2
2789 5185.7
2790 5185.5
2791 5185.5
2792 5186
2793 5185.5
2794 5185.5
2795 5185.7
2796 5185.5
2797 5185.5
2798 5185.8
2799 5186.3
2800 5186.5
2801 5186.5
2802 5186.3
2803 5186
2804 5186.5
2805 5186.8
2806 5186.8
2807 5187.8
2808 5187.5
2809 5187.7
2810 5187.7
2811 5187.3
2812 5187.7
2813 5187.3
2814 5187.8
2815 5187.8
2816 5188.2
2817 5188
2818 5188
2819 5188.2
2820 5188.8
2821 5188.8
2822 5189.2
2823 5189.5
2824 5189.5
2825 5189.5
2826 5189.5
2827 5189.8
2828 5189.5
2829 5189
2830 5189
2831 5189
2832 5189.3
2833 5188.8
2834 5188.5
2835 5189.7
2836 5189.5
2837 5189.3
2838 5189.7
2839 5190
2840 5189.3
2841 5189.5
2842 5189.5
2843 5189.5
2844 5189.8
2845 5189.8
2846 5191
2847 5191
2848 5191.8
2849 5192.8
2850 5192.6
2851 5192.5
2852 5193.2
2853 5192.3
2854 5192.5
2855 5191.8
2856 5191.5
2857 5190.5
2858 5191.5
2859 5191
2860 5190.5
2861 5190.5
2862 5190
2863 5190.7
2864 5191
2865 5190.8
2866 5190.8
2867 5191.2
2868 5191.5
2869 5191
2870 5190.5
2871 5190.5
2872 5190.5
2873 5190.5
2874 5190.3
2875 5190.8
2876 5190.2
2877 5190.8
2878 5191
2879 5191.2
2880 5191.2
2881 5190.8
2882 5190
2883 5189.5
2884 5189.8
2885 5190
2886 5190.5
2887 5191.2
2888 5191.2
2889 5192
2890 5191.5
2891 5190.2
2892 5189.7
2893 5189
2894 5188.7
2895 5188.5
2896 5188
2897 5188
2898 5188.8
2899 5189
2900 5188
2901 5187.8
2902 5188.5
2903 5188
2904 5187
2905 5187.5
2906 5187.2
2907 5186.2
2908 5186.2
2909 5185.8
2910 5186
2911 5185.5
2912 5185.8
2913 5186.2
2914 5186
2915 5186.5
2916 5185.5
2917 5184
2918 5183.7
2919 5182.2
2920 5181.3
2921 5181.3
2922 5181
2923 5181
2924 5182.3
2925 5182.5
2926 5184
2927 5183.5
2928 5184.3
2929 5186
2930 5185.8
2931 5187
2932 5187.3
2933 5188.5
2934 5187.3
2935 5188.8
2936 5187.5
2937 5183.2
2938 5183.2
2939 5185.7
2940 5185.1
2941 5183.3
2942 5184.2
2943 5184.5
2944 5183
2945 5184.3
2946 5183.7
2947 5184.5
2948 5183.8
2949 5184.5
2950 5184.5
2951 5182.8
2952 5182.8
2953 5182.7
2954 5182.2
2955 5182.8
2956 5182.8
2957 5183.7
2958 5183.8
2959 5184.3
2960 5184.3
2961 5184.2
2962 5183.3
2963 5184
2964 5183.3
2965 5183.5
2966 5183.7
2967 5184
2968 5184.5
2969 5184.7
2970 5184.2
2971 5184.2
2972 5184.2
2973 5183.8
2974 5183.8
2975 5184.2
2976 5184.5
2977 5184.5
2978 5184.7
2979 5184.5
2980 5183.5
2981 5183.8
2982 5184.5
2983 5184.2
2984 5184
2985 5184.7
2986 5185
2987 5185
2988 5184.8
2989 5184.5
2990 5185
2991 5185
2992 5184.3
2993 5183.8
2994 5183.5
2995 5183.5
2996 5183.5
2997 5183.5
2998 5183.7
2999 5183.5
3000 5183.7
3001 5183.7
3002 5183.5
3003 5183.5
3004 5183.5
3005 5184.2
3006 5184.5
3007 5183.5
3008 5183.2
3009 5183
3010 5183
3011 5182.8
3012 5182.6
3013 5182.7
3014 5181.8
3015 5181.5
3016 5182
3017 5181.5
3018 5181.7
3019 5181.2
3020 5181.2
3021 5181
3022 5181
3023 5182.8
3024 5182.5
3025 5182.5
3026 5182.3
3027 5181.5
3028 5181.5
3029 5181.8
3030 5181.7
3031 5182.2
3032 5182.2
3033 5182.5
3034 5182.5
3035 5182.5
3036 5182.5
3037 5182.7
3038 5182.7
3039 5182.5
3040 5182.2
3041 5181.5
3042 5181.5
3043 5181.5
3044 5182
3045 5181.8
3046 5182
3047 5182
3048 5182
3049 5182.3
3050 5182.3
3051 5182.2
3052 5182.2
3053 5182.3
3054 5182.5
3055 5182.6
3056 5182.5
3057 5182.3
3058 5182.3
3059 5182.3
3060 5182.3
3061 5182.3
3062 5182.3
3063 5182.5
3064 5182
3065 5182
3066 5182
3067 5182
3068 5182
3069 5182.2
3070 5182.2
3071 5182
3072 5182
3073 5182
3074 5182
3075 5182
3076 5182
3077 5181.7
3078 5181.7
3079 5181.5
3080 5181.2
3081 5181
3082 5181
3083 5181
3084 5181.3
3085 5181
3086 5181
3087 5180.5
3088 5180
3089 5180.2
3090 5180.3
3091 5180.5
3092 5180.5
3093 5180.5
3094 5180.5
3095 5180.5
3096 5180.3
3097 5180.3
3098 5180.3
3099 5180.3
3100 5180.3
3101 5180.3
3102 5180.5
3103 5179.2
3104 5179.3
3105 5178.7
3106 5178
3107 5178
3108 5178.3
3109 5178.3
3110 5178.3
3111 5178.5
3112 5178.3
3113 5178.7
3114 5178.8
3115 5178.7
3116 5178.7
3117 5178.3
3118 5178.2
3119 5178.2
3120 5178.2
3121 5178.2
3122 5178.2
3123 5177.5
3124 5177.8
3125 5177.8
3126 5177.8
3127 5177.7
3128 5177.5
3129 5177.3
3130 5177.5
3131 5176.8
3132 5176.8
3133 5176
3134 5176.3
3135 5176.5
3136 5177.3
3137 5177.5
3138 5177
3139 5177.2
3140 5177
3141 5177
3142 5177.5
3143 5177.5
3144 5177
3145 5177.5
3146 5177.5
3147 5177.5
3148 5177.5
3149 5177.3
3150 5177.2
3151 5177
3152 5177.5
3153 5177.5
3154 5177.5
3155 5177.3
3156 5177.5
3157 5177.2
3158 5177.2
3159 5177.3
3160 5177.3
3161 5177.1
3162 5177.1
3163 5176.8
3164 5177
3165 5176.7
3166 5176.2
3167 5176.3
3168 5176.3
3169 5176.3
3170 5177
3171 5177.5
3172 5177.2
3173 5177.3
3174 5177.3
3175 5177
3176 5177.3
3177 5177.3
3178 5177
3179 5177
3180 5177.5
3181 5177.3
3182 5176.8
3183 5177
3184 5176.5
3185 5176.5
3186 5176.5
3187 5176
3188 5174.8
3189 5175
3190 5175.3
3191 5175
3192 5175.7
3193 5175.5
3194 5175.8
3195 5176.2
3196 5176.2
3197 5176
3198 5176
3199 5175.8
3200 5176
3201 5176
3202 5176.5
3203 5176.5
3204 5176.2
3205 5176.2
3206 5176.2
3207 5176.2
3208 5176.2
3209 5176.2
3210 5176
3211 5176
3212 5176.2
3213 5176.2
3214 5176.2
3215 5176.3
3216 5176
3217 5176.3
3218 5176.3
3219 5176
3220 5176
3221 5175.8
3222 5175.6
3223 5175.6
3224 5175.8
3225 5175.8
3226 5175.8
3227 5176
3228 5176.3
3229 5177.2
3230 5178
3231 5178
3232 5178.2
3233 5178.3
3234 5178.3
3235 5178
3236 5178.5
3237 5177.8
3238 5177.7
3239 5177.5
3240 5177.5
3241 5177.5
3242 5177.5
3243 5177.7
3244 5177.5
3245 5177.7
3246 5177.5
3247 5177.8
3248 5177.8
3249 5177.8
3250 5177.7
3251 5177.7
3252 5177.7
3253 5177.8
3254 5177.8
3255 5178.3
3256 5178.5
3257 5178.3
3258 5178.3
3259 5178.3
3260 5178.3
3261 5178.3
3262 5178.2
3263 5179.5
3264 5180.2
3265 5180.2
3266 5179.7
3267 5180
3268 5180
3269 5180.5
3270 5180.7
3271 5180.8
3272 5181
3273 5181
3274 5181
3275 5181
3276 5180.5
3277 5180.7
3278 5180.8
3279 5180.8
3280 5180.8
3281 5181
3282 5180.5
3283 5180.5
3284 5181
3285 5181.8
3286 5182.5
3287 5182.5
3288 5182
3289 5181.5
3290 5182
3291 5182
3292 5182.8
3293 5182.5
3294 5183
3295 5182.5
3296 5183
3297 5183
3298 5182.8
3299 5182.8
3300 5183
3301 5183.2
3302 5183
3303 5183
3304 5183
3305 5183.2
3306 5183
3307 5183.3
3308 5183
3309 5183
3310 5183.5
3311 5183.7
3312 5183.7
3313 5184
3314 5184
3315 5184.2
3316 5183.7
3317 5183.3
3318 5182.8
3319 5183.5
3320 5183.7
3321 5184.2
3322 5184.2
3323 5184.2
3324 5184.2
3325 5183.8
3326 5183.5
3327 5183.5
3328 5183.5
3329 5183.5
3330 5184
3331 5184.5
3332 5184
3333 5184
3334 5184
3335 5184.2
3336 5184.2
3337 5183.8
3338 5184
3339 5184
3340 5184
3341 5184
3342 5184.7
3343 5184.7
3344 5184.5
3345 5184.3
3346 5184.5
3347 5185
3348 5185
3349 5184.5
3350 5184.5
3351 5184.5
3352 5184.5
3353 5184.5
3354 5184.8
3355 5185
3356 5185
3357 5185
3358 5184.8
3359 5184.8
3360 5184.8
3361 5184.8
3362 5184.8
3363 5184.7
3364 5184.7
3365 5184.7
3366 5184.7
3367 5184.7
3368 5184.7
3369 5184.5
3370 5185
3371 5185
3372 5185
3373 5185
3374 5185
3375 5185
3376 5185
3377 5185
3378 5185
3379 5185
3380 5185
3381 5185
3382 5184.5
3383 5184.3
3384 5184.3
3385 5184.3
3386 5184.5
3387 5184.7
3388 5184.7
3389 5184.7
3390 5184.7
3391 5184.7
3392 5184.7
3393 5184.7
3394 5184.2
3395 5184
3396 5184
3397 5183.8
3398 5183.5
3399 5184
3400 5183.5
3401 5183.5
3402 5183
3403 5183.3
3404 5183.5
3405 5183.2
3406 5183
3407 5182.7
3408 5182.5
3409 5182.7
3410 5182.2
3411 5182.5
3412 5182.5
3413 5182.5
3414 5182.5
3415 5182.3
3416 5182.5
3417 5182.1
3418 5182.1
3419 5182.3
3420 5182.8
3421 5182.7
3422 5183
3423 5183
3424 5183
3425 5183
3426 5183
3427 5182.7
3428 5182
3429 5182.3
3430 5182.3
3431 5182.5
3432 5182.5
3433 5182.7
3434 5182.5
3435 5182.3
3436 5182.7
3437 5183
3438 5183
3439 5183
3440 5183
3441 5183.5
3442 5183.5
3443 5183.5
3444 5183.3
3445 5183.3
3446 5183.3
3447 5183.3
3448 5183.3
3449 5183.2
3450 5183.2
3451 5183.1
3452 5182.8
3453 5182.5
3454 5182
3455 5181.8
3456 5181.8
3457 5181.8
3458 5182
3459 5181.7
3460 5181
3461 5180.5
3462 5180.7
3463 5181
3464 5181.2
3465 5181
3466 5180.8
3467 5181
3468 5181
3469 5181
3470 5181
3471 5180.5
3472 5180.8
3473 5181.2
3474 5181.2
3475 5181.2
3476 5180.8
3477 5180.5
3478 5180.8
3479 5180.2
3480 5180.5
3481 5180.3
3482 5180.3
3483 5180.7
3484 5181
3485 5180.8
3486 5181
3487 5181.3
3488 5181.3
3489 5181.7
3490 5181.7
3491 5181.7
3492 5181.5
3493 5181.3
3494 5181.3
3495 5181.5
3496 5181.5
3497 5181.7
3498 5181.3
3499 5181.3
3500 5181.3
3501 5182.2
3502 5181.5
3503 5181
3504 5181
3505 5181.7
3506 5182
3507 5181.7
3508 5181.7
3509 5181.7
3510 5181.7
3511 5181.7
3512 5181.7
3513 5182
3514 5181.8
3515 5181.7
3516 5181.8
3517 5181.8
3518 5181.3
3519 5181.5
3520 5181.2
3521 5181.2
3522 5180.8
3523 5181.2
3524 5180.8
3525 5180.8
3526 5180.8
3527 5180.8
3528 5180.8
3529 5180.8
3530 5180.8
3531 5180.8
3532 5180.8
3533 5180.8
3534 5180.8
3535 5180.8
3536 5180.8
3537 5180.8
3538 5180.8
3539 5180.8
3540 5180.8
3541 5180.8
3542 5180.8
3543 5180.8
3544 5180.8
3545 5180.8
3546 5180.8
3547 5180.8
3548 5180.8
3549 5180.8
3550 5180.8
3551 5180.8
3552 5180.8
3553 5180.8
3554 5180.8
3555 5180.8
3556 5180.8
3557 5180.8
3558 5180.8
3559 5180.8
3560 5180.8
3561 5180.8
3562 5180.8
3563 5180.8
3564 5180.8
3565 5180.8
3566 5180.8
3567 5180.8
3568 5180.8
3569 5180.8
3570 5180.8
3571 5180.8
3572 5180.8
3573 5180.8
3574 5180.8
3575 5180.8
3576 5180.8
3577 5180.8
3578 5180.8
3579 5180.8
3580 5180.8
3581 5180.8
3582 5180.8
3583 5180.8
3584 5180.8
3585 5180.8
3586 5180.8
3587 5180.8
3588 5180.8
3589 5180.8
3590 5180.8
3591 5180.8
3592 5180.8
3593 5180.8
3594 5180.8
3595 5180.8
3596 5180.8
3597 5180.8
3598 5180.8
3599 5180.8
3600 5180.8
3601 5180.8
3602 5180.8
3603 5180.8
3604 5180.8
3605 5180.8
3606 5180.8
3607 5180.8
3608 5180.8
3609 5180.8
3610 5180.8
3611 5180.8
3612 5180.8
3613 5180.8
3614 5180.8
3615 5180.8
3616 5180.8
3617 5180.8
3618 5180.8
3619 5180.8
3620 5180.8
3621 5180.8
3622 5180.8
3623 5180.8
3624 5180.8
3625 5180.8
3626 5180.8
3627 5180.8
3628 5180.8
3629 5180.8
3630 5180.8
3631 5180.8
3632 5180.8
3633 5180.8
3634 5180.8
3635 5180.8
3636 5180.8
3637 5180.8
3638 5180.8
3639 5180.8
3640 5180.8
3641 5180.8
3642 5180.8
3643 5180.8
3644 5180.8
3645 5180.8
3646 5180.8
3647 5180.8
3648 5180.8
3649 5180.8
3650 5180.8
3651 5180.8
3652 5180.8
3653 5180.8
3654 5180.8
3655 5180.8
3656 5180.8
3657 5180.8
3658 5180.8
3659 5180.8
3660 5180.8
3661 5180.8
3662 5180.8
3663 5180.8
3664 5180.8
3665 5180.8
3666 5180.8
3667 5180.8
3668 5180.8
3669 5180.8
3670 5180.8
3671 5180.8
3672 5180.8
3673 5180.8
3674 5180.8
3675 5180.8
3676 5180.8
3677 5180.8
3678 5180.8
3679 5180.8
3680 5180.8
3681 5180.8
3682 5180.8
3683 5180.8
3684 5180.8
3685 5180.8
3686 5180.8
3687 5180.8
3688 5180.8
3689 5180.8
3690 5180.8
3691 5180.8
3692 5180.8
3693 5180.8
3694 5180.8
3695 5180.8
3696 5180.8
3697 5180.8
3698 5180.8
3699 5180.8
3700 5180.8
3701 5180.8
3702 5180.8
3703 5180.8
3704 5180.8
3705 5180.8
3706 5180.8
3707 5180.8
3708 5180.8
3709 5180.8
3710 5180.8
3711 5180.8
3712 5180.8
3713 5180.8
3714 5180.3
3715 5180
3716 5180
3717 5180
3718 5180
3719 5180
3720 5179.8
3721 5179.8
3722 5179.8
3723 5179.8
3724 5179.8
3725 5179.8
3726 5179.8
3727 5179.8
3728 5179.5
3729 5179.5
3730 5179.5
3731 5179.5
3732 5180
3733 5180
3734 5180
3735 5180
3736 5180
3737 5179.7
3738 5179.3
3739 5179.5
3740 5179.5
3741 5179.7
3742 5179.7
3743 5179.7
3744 5179.7
3745 5179.7
3746 5179.7
3747 5180
3748 5180
3749 5180
3750 5179.3
3751 5179.3
3752 5179.3
3753 5179.7
3754 5179.7
3755 5179.7
3756 5179.7
3757 5179.7
3758 5179.3
3759 5179.7
3760 5179.7
3761 5179.7
3762 5179.5
3763 5179.5
3764 5179.5
3765 5179.5
3766 5179.5
3767 5179.5
3768 5179.5
3769 5179.5
3770 5179.5
3771 5179
3772 5179
3773 5179
3774 5179
3775 5179
3776 5179.5
3777 5179.5
3778 5179.5
3779 5179.5
3780 5179.3
3781 5179
3782 5179
3783 5179
3784 5179.2
3785 5179
3786 5179
3787 5179
3788 5179
3789 5179
3790 5179
3791 5179.5
3792 5179.5
3793 5179.5
3794 5179.5
3795 5179.5
3796 5179.5
3797 5179.5
3798 5179.7
3799 5179.7
3800 5179.7
3801 5179.7
3802 5179.7
3803 5179.7
3804 5179.3
3805 5179.5
3806 5179.5
3807 5179.5
3808 5179.5
3809 5179.5
3810 5179.5
3811 5179.5
3812 5179.5
3813 5179.5
3814 5179.5
3815 5179
3816 5179
3817 5179.5
3818 5179.2
3819 5179.3
3820 5179.3
3821 5179.3
3822 5179.3
3823 5179.3
3824 5179.3
3825 5179
3826 5179
3827 5179
3828 5179
3829 5179
3830 5179
3831 5179
3832 5179
3833 5179
3834 5179
3835 5179
3836 5179
3837 5179
3838 5179
3839 5179
3840 5179
3841 5179
3842 5178.5
3843 5178.8
3844 5179
3845 5179
3846 5179
3847 5178.8
3848 5179
3849 5179
3850 5179
3851 5179
3852 5179
3853 5179
3854 5178.5
3855 5178.5
3856 5178.5
3857 5178.5
3858 5178.5
3859 5178.5
3860 5178.5
3861 5178.5
3862 5178.8
3863 5178.8
3864 5179
3865 5179
3866 5179
3867 5179
3868 5179.2
3869 5178.5
3870 5178.5
